6.209915725E-03
-1.770632651E-04
-3.717243978E-05
-4.002912587E-06
-5.207637942E-07
7.051609041E-07
-2.150297642E-07
-2.286361501E-09
1.687815009E-08
-2.622527958E-09
7.798384962E-03
-9.507262583E-05
-9.4422532E-05
6.201951906E-07
-8.440647562E-07
5.81144432E-07
-1.982239863E-07
3.67415186E-09
1.796696262E-08
-3.179991555E-09
9.16962522E-03
-7.341430895E-06
-1.396787674E-04
2.630852176E-06
-8.798826561E-07
5.812527143E-07
-2.138569418E-07
5.500186072E-09
2.085018691E-08
-3.729613271E-09
1.046684715E-02
8.114930135E-05
-1.787428878E-04
3.397413583E-06
-8.193133094E-07
6.173449244E-07
-2.369458254E-07
6.87253285E-09
2.367705635E-08
-4.234341066E-09
1.180369434E-02
1.662583964E-04
-2.150541108E-04
3.557694299E-06
-7.610475133E-07
6.791164587E-07
-2.654533166E-07
8.088822615E-09
2.668368124E-08
-4.754562824E-09
1.327619586E-02
2.469789269E-04
-2.518085629E-04
3.479877787E-06
-7.411589931E-07
7.588739477E-07
-2.978845191E-07
9.277088142E-09
2.995314504E-08
-5.328083255E-09
1.498239168E-02
3.247143463E-04
-2.923453779E-04
3.368226621E-06
-7.796820172E-07
8.611484281E-07
-3.369129486E-07
1.037295351E-08
3.392920801E-08
-6.013777013E-09
1.703512003E-02
4.022864464E-04
-3.404560114E-04
3.351400109E-06
-8.829678442E-07
9.852400604E-07
-3.831816171E-07
1.177034712E-08
3.858204141E-08
-6.827852764E-09
1.9580105E-02
4.837367075E-04
-4.009801477E-04
3.529962358E-06
-1.074387416E-06
1.142459073E-06
-4.409454708E-07
1.342966165E-08
4.441694175E-08
-7.843511328E-09
2.282070598E-02
5.751636555E-04
-4.809708619E-04
4.045718941E-06
-1.391306206E-06
1.3440623E-06
-5.138422129E-07
1.543056226E-08
5.18821001E-08
-9.143037878E-09
2.705727336E-02
6.867625041E-04
-5.915668846E-04
5.117926486E-06
-1.908996173E-06
1.613824673E-06
-6.101616242E-07
1.816462076E-08
6.166449305E-08
-1.08324479E-08
3.275610417E-02
8.353804673E-04
-7.515479368E-04
7.169361444E-06
-2.764852409E-06
1.982833488E-06
-7.38337901E-07
2.130184089E-08
7.507334327E-08
-1.313674747E-08
4.068494401E-02
1.051445475E-03
-9.948517331E-04
1.098049038E-05
-4.242123662E-06
2.514508592E-06
-9.189123602E-07
2.558875698E-08
9.39190931E-08
-1.634748809E-08
5.219893495E-02
1.392629126E-03
-1.388119822E-03
1.823162828E-05
-6.961688163E-06
3.321719716E-06
-1.182999394E-06
3.088319411E-08
1.219640359E-07
-2.10706879E-08
6.991920459E-02
1.977662424E-03
-2.077100658E-03
3.285499316E-05
-1.249951703E-05
4.653915161E-06
-1.604872267E-06
4.027995424E-08
1.65049072E-07
-2.826639483E-08
9.956960934E-02
3.084509579E-03
-3.431446208E-03
6.585206602E-05
-2.563519547E-05
7.168788128E-06
-2.366817215E-06
5.550610231E-08
2.396546247E-07
-4.052603597E-08
0.15607918
5.499226801E-03
-6.619198027E-03
1.561277309E-04
-6.537013712E-05
1.317212269E-05
-4.172782064E-06
1.084858142E-07
3.807868438E-07
-6.395077925E-08
0.291364292
1.225081339E-02
-1.693989634E-02
5.07394312E-04
-2.495523257E-04
3.603056193E-05
-1.177139343E-05
5.425285438E-07
6.56320408E-07
-1.174331698E-07
0.824468017
4.953410992E-02
-8.599439424E-02
4.200984055E-03
-2.476594137E-03
3.349330496E-04
-1.23474671E-04
1.983481711E-05
-3.5404964E-06
7.39909742E-07
