1.190124902E-02
-8.726022708E-05
-2.074011573E-04
8.231424002E-06
-3.780340026E-06
1.278180079E-06
-3.120421698E-07
-1.742124651E-08
3.524287902E-08
-5.140918576E-09
1.508118379E-02
3.082743824E-04
-3.872495129E-04
1.551246254E-05
-2.657022563E-06
8.76611823E-07
-2.782634506E-07
-5.490499938E-10
3.649793733E-08
-6.142453965E-09
1.788534831E-02
7.155659473E-04
-5.307321235E-04
1.604997896E-05
-1.45108336E-06
8.530246234E-07
-3.207863829E-07
6.407151103E-09
4.181162189E-08
-7.101857354E-09
2.052093222E-02
1.116836746E-03
-6.558126198E-04
1.443690633E-05
-5.474876937E-07
9.708974404E-07
-3.768755819E-07
9.630884297E-09
4.763721088E-08
-8.046794266E-09
2.30916956E-02
1.506349274E-03
-7.723815357E-04
1.261161859E-05
8.228895684E-08
1.126336406E-06
-4.302446555E-07
1.102332658E-08
5.359152172E-08
-8.969979414E-09
2.56429988E-02
1.88624061E-03
-8.854468025E-04
1.100400611E-05
5.77367965E-07
1.279023911E-06
-4.787772599E-07
1.216033498E-08
5.931357396E-08
-9.871507234E-09
2.820113209E-02
2.259322251E-03
-9.973031659E-04
9.608303561E-06
1.006926007E-06
1.431226881E-06
-5.267959242E-07
1.287784347E-08
6.537645166E-08
-1.081147464E-08
3.079461629E-02
2.627528508E-03
-1.109152259E-03
8.312035097E-06
1.423862482E-06
1.576342754E-06
-5.736080314E-07
1.389011516E-08
7.129795243E-08
-1.176345268E-08
3.347640443E-02
2.990708063E-03
-1.221986969E-03
6.972503848E-06
1.84001885E-06
1.723504814E-06
-6.22921427E-07
1.518821614E-08
7.734164851E-08
-1.27238145E-08
3.635771657E-02
3.346332595E-03
-1.337780227E-03
5.438832412E-06
2.264374622E-06
1.875960075E-06
-6.757277336E-07
1.647288638E-08
8.386934003E-08
-1.378491855E-08
3.966408979E-02
3.689321576E-03
-1.461225229E-03
3.533149763E-06
2.666834404E-06
2.052908576E-06
-7.402923241E-07
1.81076777E-08
9.142290058E-08
-1.501695637E-08
4.382975132E-02
4.012929462E-03
-1.603461353E-03
1.133120132E-06
2.971677612E-06
2.277165304E-06
-8.250305724E-07
2.046861686E-08
1.008347495E-07
-1.658820536E-08
4.966402684E-02
4.312112673E-03
-1.789880609E-03
-1.66679043E-06
2.922860078E-06
2.617088534E-06
-9.553287407E-07
2.404280525E-08
1.142628275E-07
-1.885715344E-08
5.866856305E-02
4.59573044E-03
-2.07888188E-03
-3.826634364E-06
1.855246314E-06
3.200648268E-06
-1.170890243E-06
2.994073822E-08
1.353067942E-07
-2.243225981E-08
7.374143564E-02
4.922118566E-03
-2.610855719E-03
-1.562167376E-06
-2.074089537E-06
4.332130293E-06
-1.563782889E-06
4.16260676E-08
1.708348703E-07
-2.848494012E-08
0.101021597
5.51276111E-03
-3.759864791E-03
1.756204759E-05
-1.431233606E-05
6.768716833E-06
-2.343175808E-06
6.351755539E-08
2.375023864E-07
-3.972315982E-08
0.15593295
7.148818758E-03
-6.72167272E-03
9.741527313E-05
-5.523244396E-05
1.300996075E-05
-4.252141628E-06
1.282477979E-07
3.727265974E-07
-6.260934085E-08
0.290736364
1.299932054E-02
-1.686360595E-02
4.517229631E-04
-2.44515054E-04
3.661688024E-05
-1.20627613E-05
5.833594229E-07
6.439250798E-07
-1.159815281E-07
0.824224356
4.961874155E-02
-8.588456788E-02
4.174086016E-03
-2.481186257E-03
3.367582526E-04
-1.239485241E-04
1.988720754E-05
-3.548212378E-06
7.408057223E-07
