1.657581392E-02
2.474908223E-04
-4.790054817E-04
1.855592469E-05
-3.641457092E-06
1.434783019E-06
-4.28257854E-07
1.198466735E-08
4.033445718E-08
-7.990091229E-09
2.178794266E-02
1.039464037E-03
-8.298311215E-04
3.136929227E-05
-2.417328913E-06
8.647372465E-07
-2.510861126E-07
-1.546363555E-08
5.576522531E-08
-8.585839323E-09
2.66127246E-02
1.912431117E-03
-1.1428179E-03
2.816155517E-05
1.267325877E-06
7.495343755E-07
-3.169614167E-07
5.214899436E-09
6.213305812E-08
-1.003524427E-08
3.128278551E-02
2.765352442E-03
-1.429758972E-03
2.250296E-05
3.98144832E-06
9.717593804E-07
-4.046515596E-07
9.671824589E-09
7.234236184E-08
-1.157083971E-08
3.592099513E-02
3.599503704E-03
-1.709198621E-03
1.748905448E-05
6.217959042E-06
1.217428035E-06
-4.78082684E-07
1.067943552E-08
8.287382707E-08
-1.305980832E-08
4.056008446E-02
4.424728883E-03
-1.987568002E-03
1.311468232E-05
8.329426437E-06
1.434135613E-06
-5.420561674E-07
1.195130827E-08
9.299637362E-08
-1.453218012E-08
4.520336053E-02
5.247345666E-03
-2.266194443E-03
8.99118311E-06
1.041835289E-05
1.643846229E-06
-6.061796986E-07
1.333453269E-08
1.033642083E-07
-1.604899944E-08
4.984871993E-02
6.0696204E-03
-2.545137745E-03
4.941454878E-06
1.252095553E-05
1.842884729E-06
-6.675270874E-07
1.480020265E-08
1.135515554E-07
-1.753399465E-08
5.449520957E-02
6.891938281E-03
-2.824218929E-03
8.989999939E-07
1.46257745E-05
2.043906046E-06
-7.310906299E-07
1.697892487E-08
1.23506985E-07
-1.899070442E-08
5.914546578E-02
7.714015311E-03
-3.103271594E-03
-3.161753575E-06
1.674118052E-05
2.241036642E-06
-7.927330203E-07
1.879816625E-08
1.33549957E-07
-2.046980367E-08
6.382156102E-02
8.534157461E-03
-3.382170828E-03
-7.345150642E-06
1.886890159E-05
2.442293182E-06
-8.567158083E-07
2.035370366E-08
1.439365586E-07
-2.19907981E-08
6.861816215E-02
9.346796361E-03
-3.661536476E-03
-1.192577919E-05
2.10558519E-05
2.635822937E-06
-9.201873484E-07
2.173351045E-08
1.545038672E-07
-2.356817091E-08
7.386674169E-02
1.01360772E-02
-3.945981842E-03
-1.771727834E-05
2.333778215E-05
2.837997515E-06
-9.983446105E-07
2.4107873E-08
1.658130748E-07
-2.527344615E-08
8.055166734E-02
1.086683788E-02
-4.257571561E-03
-2.619645549E-05
2.56228849E-05
3.083953563E-06
-1.112381129E-06
2.662795445E-08
1.806113921E-07
-2.764163426E-08
9.126519683E-02
1.148360901E-02
-4.680972881E-03
-3.886110185E-05
2.688414265E-05
3.589557483E-06
-1.363413732E-06
3.658839515E-08
2.032699529E-07
-3.143786631E-08
0.112413546
1.197061131E-02
-5.515347388E-03
-5.135434028E-05
2.214412964E-05
5.121414073E-06
-2.013605899E-06
6.351300198E-08
2.497576546E-07
-3.95715182E-08
0.160644539
1.270608892E-02
-7.882923496E-03
-2.561098373E-05
-1.112114607E-05
1.067255328E-05
-4.014588012E-06
1.625911753E-07
3.556889308E-07
-5.870409601E-08
0.290614026
1.646505356E-02
-1.719267386E-02
2.724215725E-04
-2.033275007E-04
3.557619301E-05
-1.259321659E-05
7.203235068E-07
5.916646618E-07
-1.089726894E-07
0.823348081
5.042032751E-02
-8.560251741E-02
4.029964408E-03
-2.475692647E-03
3.420410179E-04
-1.262273768E-04
2.024368083E-05
-3.636652212E-06
7.518078208E-07
