6.856844424E-03
-1.800078141E-04
-4.903532303E-05
-3.153144042E-06
-8.607046209E-07
7.947744564E-07
-2.346892323E-07
-3.615262215E-09
1.895256268E-08
-2.917965755E-09
8.572508314E-03
-7.004740008E-05
-1.171547028E-04
2.135196728E-06
-1.130722948E-06
6.33613735E-07
-2.114982734E-07
3.102888845E-09
2.001215895E-08
-3.509508514E-09
1.001453831E-02
4.666994494E-05
-1.698214873E-04
4.16556379E-06
-1.055265535E-06
6.184293561E-07
-2.265105448E-07
5.491033693E-09
2.289620613E-08
-4.068140781E-09
1.134820533E-02
1.619428581E-04
-2.137245912E-04
4.7052487E-06
-9.014074958E-07
6.518902551E-07
-2.506130423E-07
7.163324007E-09
2.574580365E-08
-4.576158691E-09
1.269567306E-02
2.709851796E-04
-2.531930204E-04
4.603678608E-06
-7.821457133E-07
7.162131207E-07
-2.800452267E-07
8.426924958E-09
2.879737415E-08
-5.096912446E-09
1.415555949E-02
3.732870281E-04
-2.92033221E-04
4.297418719E-06
-7.209391416E-07
7.976034664E-07
-3.123806447E-07
9.564627992E-09
3.205022916E-08
-5.661862905E-09
1.582403731E-02
4.705699123E-04
-3.337383996E-04
3.975745083E-06
-7.239581188E-07
8.987268952E-07
-3.503299984E-07
1.061413744E-08
3.592065801E-08
-6.32677367E-09
1.781213922E-02
5.650236067E-04
-3.81952795E-04
3.734639677E-06
-7.884466114E-07
1.018377423E-06
-3.947023592E-07
1.200053147E-08
4.036614048E-08
-7.104120198E-09
2.026636904E-02
6.597428865E-04
-4.413157497E-04
3.643318795E-06
-9.363277061E-07
1.169958259E-06
-4.504164661E-07
1.355279085E-08
4.602105618E-08
-8.081395351E-09
2.339394249E-02
7.595874391E-04
-5.187266986E-04
3.829184736E-06
-1.203137672E-06
1.363412238E-06
-5.206429537E-07
1.54943644E-08
5.320515861E-08
-9.332551867E-09
2.750181567E-02
8.730597204E-04
-6.251979128E-04
4.507568259E-06
-1.668920498E-06
1.624745138E-06
-6.144687201E-07
1.817349497E-08
6.26920408E-08
-1.096938246E-08
3.306596565E-02
1.01574285E-03
-7.795478689E-04
6.109850004E-06
-2.475343736E-06
1.985275333E-06
-7.402709043E-07
2.128344699E-08
7.577193364E-08
-1.321904482E-08
4.086610958E-02
1.216918465E-03
-1.015920993E-03
9.447119057E-06
-3.914214782E-06
2.510119716E-06
-9.191767998E-07
2.561052709E-08
9.428527372E-08
-1.637852034E-08
5.227067881E-02
1.534015919E-03
-1.401457909E-03
1.626503787E-05
-6.616142486E-06
3.31103019E-06
-1.181871353E-06
3.13050729E-08
1.217805376E-07
-2.102875903E-08
6.99125699E-02
2.087107425E-03
-2.082684849E-03
3.057515213E-05
-1.217995273E-05
4.647753078E-06
-1.605307398E-06
4.063663659E-08
1.648557506E-07
-2.821936082E-08
9.952296389E-02
3.157565608E-03
-3.430420872E-03
6.351066859E-05
-2.538659414E-05
7.165807306E-06
-2.367376407E-06
5.60205339E-08
2.391773721E-07
-4.046648251E-08
0.156029114
5.537234757E-03
-6.613971711E-03
1.540892758E-04
-6.525888325E-05
1.31831481E-05
-4.175570203E-06
1.093906967E-07
3.801798438E-07
-6.388771769E-08
0.291336092
1.226162552E-02
-1.693376456E-02
5.060000638E-04
-2.496263975E-04
3.606458779E-05
-1.178341928E-05
5.44859316E-07
6.552929928E-07
-1.172826459E-07
0.824462926
4.953267193E-02
-8.599120666E-02
4.20072988E-03
-2.47682406E-03
3.349556063E-04
-1.234744941E-04
1.983772062E-05
-3.542517379E-06
7.401397821E-07
