9.411934708E-03
-1.621280142E-04
-1.136193936E-04
1.655013373E-06
-2.364187267E-06
1.095957035E-06
-2.894878844E-07
-1.10176079E-08
2.740147815E-08
-4.063805689E-09
1.177087217E-02
7.508494098E-05
-2.314754463E-04
8.503476758E-06
-2.072523933E-06
7.853702728E-07
-2.518879764E-07
1.246502502E-09
2.810575423E-08
-4.810473715E-09
1.375233613E-02
3.185602283E-04
-3.209310941E-04
9.963056913E-06
-1.485183109E-06
7.556205093E-07
-2.785625113E-07
5.963734741E-09
3.193825415E-08
-5.546458117E-09
1.556543513E-02
5.554654518E-04
-3.951258504E-04
9.575892399E-06
-1.014203606E-06
8.195926902E-07
-3.160026996E-07
8.543189907E-09
3.580589965E-08
-6.207163955E-09
1.732587353E-02
7.832533774E-04
-4.618765638E-04
8.732574495E-06
-7.045495052E-07
9.199730148E-07
-3.550413117E-07
9.920772598E-09
3.984630269E-08
-6.860690769E-09
1.910008299E-02
1.002774194E-03
-5.25540868E-04
7.857410888E-06
-4.923769076E-07
1.026189691E-06
-3.921007815E-07
1.092453628E-08
4.384028776E-08
-7.519512944E-09
2.094879505E-02
1.214845171E-03
-5.88745398E-04
7.016478761E-06
-3.38361292E-07
1.138874718E-06
-4.308563784E-07
1.183465368E-08
4.811228628E-08
-8.219928141E-09
2.295273994E-02
1.419557675E-03
-6.538372331E-04
6.189944517E-06
-2.174435814E-07
1.256211513E-06
-4.718306191E-07
1.288871902E-08
5.264747809E-08
-8.979886854E-09
2.523505249E-02
1.616573214E-03
-7.238996693E-04
5.325896383E-06
-1.345169643E-07
1.390369647E-06
-5.200226549E-07
1.413648739E-08
5.789314105E-08
-9.859708226E-09
2.799032839E-02
1.805477003E-03
-8.040437366E-04
4.41059152E-06
-1.09562562E-07
1.550253777E-06
-5.788333387E-07
1.583936882E-08
6.41227466E-08
-1.092436694E-08
3.152887675E-02
1.986993466E-03
-9.033576954E-04
3.514905248E-06
-2.187047699E-07
1.762500704E-06
-6.570439536E-07
1.805061535E-08
7.223182661E-08
-1.230392885E-08
3.635122012E-02
2.165866085E-03
-1.038642996E-03
2.896749004E-06
-5.979735533E-07
2.061039466E-06
-7.658090708E-07
2.096504459E-08
8.34223648E-08
-1.422685416E-08
4.32888082E-02
2.357462062E-03
-1.242387367E-03
3.264398285E-06
-1.565681381E-06
2.517040895E-06
-9.279444646E-07
2.530371445E-08
9.966325441E-08
-1.700669539E-08
5.379324169E-02
2.603409511E-03
-1.581078414E-03
6.41791495E-06
-3.823835476E-06
3.25455138E-06
-1.17727021E-06
3.120593589E-08
1.247651112E-07
-2.12794054E-08
7.061127819E-02
3.010408137E-03
-2.202966733E-03
1.674155746E-05
-9.103693434E-06
4.555338865E-06
-1.597843936E-06
4.177462935E-08
1.653930414E-07
-2.811245791E-08
9.960419125E-02
3.858439865E-03
-3.485243449E-03
4.635932442E-05
-2.242046258E-05
7.094423003E-06
-2.372776964E-06
5.942433618E-08
2.376490999E-07
-4.012254313E-08
0.155801015
5.964597246E-03
-6.609904845E-03
1.359576163E-04
-6.307136142E-05
1.321872271E-05
-4.21413888E-06
1.163612985E-07
3.77229761E-07
-6.343668524E-08
0.291109613
1.242783193E-02
-1.68956377E-02
4.913723943E-04
-2.491245785E-04
3.630714642E-05
-1.186095574E-05
5.529810809E-07
6.532430019E-07
-1.17074831E-07
0.824402688
4.953993376E-02
-8.596005075E-02
4.195314404E-03
-2.478698101E-03
3.354610558E-04
-1.235693514E-04
1.984285024E-05
-3.541240032E-06
7.398488252E-07
