7.862768453E-03
-1.790486564E-04
-7.100393921E-05
-1.539752307E-06
-1.428305291E-06
9.24485972E-07
-2.605806032E-07
-6.19939668E-09
2.223798854E-08
-3.373836875E-09
9.798441614E-03
-2.331070216E-05
-1.56935993E-04
4.539248392E-06
-1.538427157E-06
7.028044402E-07
-2.293219113E-07
2.323271277E-09
2.312951557E-08
-4.011436153E-09
1.140609162E-02
1.397308856E-04
-2.223378198E-04
6.443923067E-06
-1.274843576E-06
6.752759374E-07
-2.470257512E-07
5.523925598E-09
2.633294618E-08
-4.63055462E-09
1.287076973E-02
2.989292312E-04
-2.758954404E-04
6.634385838E-06
-9.919667626E-07
7.14329342E-07
-2.749888759E-07
7.637954979E-09
2.940830498E-08
-5.173815002E-09
1.431608791E-02
4.497926315E-04
-3.233089034E-04
6.223572091E-06
-7.959726582E-07
7.882396041E-07
-3.071305972E-07
9.013410032E-09
3.266511699E-08
-5.720042258E-09
1.583177914E-02
5.924529694E-04
-3.687998599E-04
5.666463116E-06
-6.790870242E-07
8.757941682E-07
-3.402025854E-07
1.008387256E-08
3.604675714E-08
-6.298384446E-09
1.750423993E-02
7.283262524E-04
-4.156748703E-04
5.102828802E-06
-6.262031824E-07
9.787306079E-07
-3.77737291E-07
1.101179071E-08
3.996953553E-08
-6.955660064E-09
1.943783473E-02
8.585700531E-04
-4.671798211E-04
4.580218701E-06
-6.242095232E-07
1.094514659E-06
-4.199386142E-07
1.220231169E-08
4.4343128E-08
-7.70854007E-09
2.177652931E-02
9.845493164E-04
-5.274782975E-04
4.125017089E-06
-6.891469407E-07
1.235579162E-06
-4.716817894E-07
1.373572598E-08
4.962464192E-08
-8.622832558E-09
2.472981507E-02
1.108862763E-03
-6.029722006E-04
3.817399578E-06
-8.57530227E-07
1.416203619E-06
-5.377093374E-07
1.549113636E-08
5.645507208E-08
-9.799942193E-09
2.861262102E-02
1.237180535E-03
-7.042611221E-04
3.846387208E-06
-1.207921698E-06
1.659534039E-06
-6.260931661E-07
1.810721879E-08
6.534406803E-08
-1.133315063E-08
3.391528244E-02
1.381603146E-03
-8.498224772E-04
4.620523632E-06
-1.88828915E-06
1.999432583E-06
-7.461547226E-07
2.12234627E-08
7.770223973E-08
-1.346902355E-08
4.143899692E-02
1.567572143E-03
-1.073660371E-03
6.95531617E-06
-3.209781989E-06
2.508459642E-06
-9.213442734E-07
2.529961846E-08
9.573551054E-08
-1.653525314E-08
5.258120412E-02
1.849239143E-03
-1.443371321E-03
1.268550566E-05
-5.82072023E-06
3.294979556E-06
-1.181227879E-06
3.120553463E-08
1.224858907E-07
-2.107564098E-08
7.000771517E-02
2.345672627E-03
-2.10672E-03
2.600113883E-05
-1.136469529E-05
4.627386593E-06
-1.605004121E-06
4.115246654E-08
1.647724501E-07
-2.814846126E-08
9.947954597E-02
3.34211272E-03
-3.436991949E-03
5.83386645E-05
-2.467895523E-05
7.160005366E-06
-2.371667626E-06
5.669028931E-08
2.389111343E-07
-4.040074841E-08
0.155937043
5.64149125E-03
-6.60699094E-03
1.49094086E-04
-6.482481181E-05
1.32119349E-05
-4.189879638E-06
1.109800498E-07
3.796622834E-07
-6.379743005E-08
0.291269733
1.229740872E-02
-1.692104363E-02
5.023273278E-04
-2.496515643E-04
3.614751306E-05
-1.180724853E-05
5.46145033E-07
6.554272872E-07
-1.173333394E-07
0.824447184
4.953204967E-02
-8.598284483E-02
4.199580272E-03
-2.477403324E-03
3.351095129E-04
-1.235035291E-04
1.983646144E-05
-3.540239547E-06
7.398803691E-07
